"","pixel","cost","shark","cost.per.suit"
"1",3,1.301366043,2.418395073,0.538111434946675
"2",4,1.085244978,2.463603873,0.440511151120438
"3",5,1.165133088,2.504836299,0.46515338685612
"4",6,1.208530939,2.419945677,0.499404160385209
"5",7,1.178216326,2.50292058,0.470736600839328
"6",8,1.138313931,1.907025117,0.596905578669418
"7",9,1.03432369,2.480743277,0.416941043271041
"8",10,1.239148946,2.269483807,0.546004753229773
"9",11,1.294166692,2.273948039,0.569127644873155
"10",14,13.23195513,2.373682777,5.57444122618749
"11",15,1.207419488,2.304429792,0.523955857623281
"12",17,9.634940286,2.387782698,4.03509929696291
"13",18,1.308573987,2.288189103,0.571881924131338
"14",19,1.067321613,2.43613249,0.438121332637372
"15",20,1.169825932,2.424499418,0.482502046944191
"16",21,1.033065128,2.382741656,0.433561534209397
"17",22,1.211039584,2.286424966,0.529665133126437
"18",23,1.097954137,2.272743518,0.483096367145815
"19",25,1.163136299,2.354911559,0.4939193128314
"20",26,1.114288975,2.438936056,0.456875026411106
"21",27,1.113280751,2.560365976,0.434813132745676
"22",28,1.191164217,2.777842675,0.428809099853
"23",29,1.316730232,2.90322698,0.453540229913405
"24",30,1.236819775,2.617759038,0.472472736048672
"25",31,1.090487369,2.302332806,0.473644542682158
"26",32,1.140097097,2.28266353,0.499459110822172
"27",33,1.272308477,2.409251678,0.528092805171847
"28",40,1.222093011,2.828100436,0.432125038928426
"29",41,1.067113159,2.329004543,0.458184232489924
"30",42,1.2687608,2.440673897,0.519840361123016
"31",43,1.279866414,2.314855118,0.552892664447089
"32",44,1.18511507,2.80096718,0.423109231147792
"33",45,1.06831568,2.408562059,0.443549160798269
"34",46,1.2408417,1.999143329,0.620686712153193
"35",47,1.307003172,2.017334966,0.64788604472144
"36",48,1.048163374,2.024005279,0.517865928945534
"37",49,1.160754664,2.297856111,0.505146801161041
"38",50,1.07962718,2.296112424,0.470197873899924
"39",51,1.044311434,2.281556902,0.457718776632116
"40",52,1.109205857,2.409574328,0.460332700307554
"41",53,1.251908497,2.434042619,0.514333022449021
"42",55,11.01944134,1.991281246,5.53384478568026
"43",56,10.18967429,1.960313759,5.197981314582
"44",63,1.248785929,2.443058153,0.511156857836777
"45",65,1.191483999,2.814986163,0.423264602384477
"46",66,1.253468962,2.845191572,0.440556964365983
"47",67,1.262867926,2.270679092,0.556163101359987
"48",68,1.108043976,2.371030213,0.467325962328427
"49",69,10.23539926,2.312132272,4.42682254123219
"50",70,1.32094881,2.570936745,0.513800587497535
"51",71,1.11121172,2.848716213,0.390074558823736
"52",72,1.249606657,2.42119825,0.516110837681301
"53",73,1.238932691,2.381193882,0.520298956067955
"54",74,1.281610254,2.274342353,0.563508063027308
"55",75,1.069664316,2.367786974,0.451756989858328
"56",76,10.24803906,2.350476854,4.35998297220416
"57",77,12.16730355,2.268302446,5.36405697196872
"58",78,1.076320749,2.28479451,0.471079891118961
"59",87,10.85343354,2.740150045,3.9608902292794
"60",88,1.270999591,2.764755446,0.459715014880922
"61",89,1.031318336,2.02709819,0.508765851150013
"62",92,1.162718197,2.189768297,0.530977728827718
"63",93,1.149001331,1.953719763,0.588109591129728
"64",94,1.233307751,2.004811461,0.615173932807041
"65",95,1.135577565,2.023003016,0.561332610984105
"66",96,1.252958635,1.98733583,0.630471516734039
"67",99,1.095262564,1.979521964,0.55329649476928
"68",101,1.234994536,1.903029683,0.648962308382449
"69",107,9.939733929,1.984605974,5.00841681382543
"70",109,1.285317959,1.961285338,0.655344703851551
"71",110,1.320652056,2.009506326,0.657202238635799
"72",112,1.229251397,2.048490623,0.600076653121199
"73",114,1.135660907,1.930035486,0.58841452151414
"74",115,1.185276973,1.968603487,0.60209025373935
"75",116,1.253253233,2.002412616,0.625871622554739
"76",117,1.211435387,2.042495711,0.593115266032498
"77",121,1.299359507,1.986546767,0.654079495426246
"78",122,1.283690431,1.925694547,0.666611656038511
"79",123,1.210825688,2.010584038,0.602225853341824
"80",130,1.21611934,1.981346366,0.613784324068052
"81",131,1.236811554,1.960466358,0.630876193795925
"82",132,1.053672995,2.039822049,0.516551429335001
"83",133,9.957601729,2.58944886,3.84545216660506
"84",134,1.155301842,2.37609769,0.48621815797481
"85",136,1.237654639,1.94765617,0.635458484954252
"86",152,1.211800375,1.90815952,0.635062405579173
"87",168,1.045535177,1.907768198,0.54804099266152
"88",172,1.05255387,1.929339118,0.545551510452503
"89",194,1.170722953,1.914865974,0.611386367973553
"90",196,1.159338392,1.911368277,0.606548934577719
"91",205,1.118913739,1.918994507,0.583072924345791
"92",217,1.124677464,1.919874022,0.585807949434299
"93",222,1.266328785,1.909049384,0.663329506095165
"94",225,1.094858398,1.930128336,0.567246424799392
"95",226,1.097306954,1.927167027,0.56938860961531
"96",232,1.275028021,1.900901179,0.670749239931951
"97",234,1.243031531,1.908945006,0.65116151963154
"98",241,1.238196558,1.909812361,0.648334141764412
"99",246,1.328863543,1.913135464,0.694599816900368
"100",260,1.273481156,1.931082306,0.65946498087793
